              x               y               z
      0.0402019       0.1851355       0.9350128
      0.7125248       0.2228137       0.8502434
      0.3109024       0.7912134       0.1742765
      0.4250183       0.1951021       0.1128243
      0.1545911       0.3324888       0.5649961
      0.2976685       0.2198413       0.2906071
      0.8231836       0.1749417       0.8269204
     0.04324711       0.9561688       0.5630499
      0.2455063        0.213476       0.2677073
      0.5254435       0.2012396    0.0002775143
      0.2066724       0.7972361       0.5816695
      0.3168775       0.5659797       0.9642234
      0.2846276       0.2982959       0.3196929
      0.4637984       0.0794585       0.2825798
      0.6036078      0.03230194       0.7136107
      0.8742083       0.7523933       0.2559612
      0.8940377       0.7494449       0.1355881
      0.9927596       0.7124479       0.5541477
       0.121929       0.9653965       0.4579618
      0.4765909       0.6235289       0.5100366
      0.3582536      0.05007287       0.2660183
      0.5285355       0.1192157       0.1156575
      0.2170582       0.6422234      0.08107585
      0.6094852       0.4665753       0.8646965
      0.2572868       0.5960825      0.03231815
      0.4554298       0.7555907       0.6517859
      0.7234214       0.6350034       0.8885162
      0.6977287      0.09035857       0.5361446
     0.05439315       0.9375254       0.3522314
      0.5928654       0.2138352       0.8281597
      0.4141779       0.3176749       0.5965989
      0.9697207       0.8528951       0.8338495
      0.2955808       0.5821054       0.8757532
      0.2912825       0.6226265        0.605435
      0.2913652       0.1742532       0.8578556
     0.09362848       0.7537373       0.9118478
     0.04744955       0.8153799       0.1493519
      0.5482788       0.7568258        0.987908
      0.9272325      0.07272434       0.2418116
      0.7133281       0.4545662       0.3960053
      0.1609304       0.2260697       0.5453846
      0.3684443         0.33109      0.05434205
      0.5922751       0.6298929       0.8196273
     0.02572358       0.5948348       0.6556067
      0.1398678       0.8895154       0.2449716
      0.9258278       0.3052658       0.6433629
      0.6561905       0.6758992       0.3498089
     0.01300556       0.8600672       0.6069053
      0.9772479       0.6935139       0.9455166
      0.9205527       0.9632909       0.9864041
      0.6455597       0.4220886       0.9741051
      0.9487794       0.6276158       0.3090901
      0.7362533        0.653022       0.6728174
      0.0801789       0.9673496       0.8998556
      0.1012265       0.2257119       0.2412813
      0.8064598       0.1906647       0.3895727
      0.8611591      0.02919338        0.875972
      0.6458197      0.07789613       0.2072478
       0.748792       0.9954425       0.3764406
      0.8278963       0.3184757        0.906488
      0.6073688       0.3839128      0.02443259
      0.1632044       0.9073426       0.1837664
      0.2679284      0.09083995       0.1925485
      0.4957066     0.004344659       0.8947838
      0.5059152      0.01748301       0.4112875
      0.2308463      0.06604348       0.9542719
      0.7578476       0.1335618       0.4753252
      0.4184416       0.2886342       0.5102327
     0.07133293       0.5120798       0.8239372
      0.5506009       0.4826205       0.3140279
      0.3227113       0.1080518       0.1630228
      0.7057769       0.2871339       0.3139044
      0.2886801       0.6677785      0.03583483
      0.9568752        0.825132       0.5167379
      0.9738456       0.6590875        0.130821
      0.4112102       0.5568935       0.3353241
      0.7616808       0.9133059        0.166735
      0.8537288       0.5887923       0.1596805
      0.9415011       0.4411161      0.06756863
      0.8320602       0.4958089       0.6361001
      0.2792498        0.632267       0.7050252
      0.1435949       0.1933195       0.5119101
      0.6903237       0.3167029       0.6968642
      0.4420429      0.06949273       0.9833345
      0.9842977        0.544677       0.9039958
      0.7832395       0.7773595       0.1770512
      0.0774619       0.5112596       0.3035027
      0.8382984       0.3626519       0.2761073
      0.1302002       0.5491951       0.9521143
      0.8493523       0.7165859       0.3493781
       0.737217       0.1931965       0.7799359
       0.789755       0.2079311       0.4000572
     0.08689892       0.4851712        0.137325
      0.3771308       0.3634241       0.5855677
      0.5168071        0.120643       0.5691397
      0.7804724       0.8008906       0.2889799
      0.2605775       0.3212119       0.1911526
      0.7101861       0.3368956       0.4814839
       0.374872       0.1527804       0.7897348
      0.8923276       0.6266954        0.832222
      0.6982193       0.3178325       0.6863593
       0.697304         0.30639       0.6843714
      0.6986375       0.3247555        0.711245
      0.6606659       0.3319122       0.6690537
      0.6952243       0.2935842       0.6944618
      0.6676705       0.3473708       0.6761123
      0.6856597       0.3041008       0.6951973
      0.7219075       0.2976118       0.7248011
      0.7001253        0.323167       0.6930796
      0.6921123       0.3188775       0.6870184
      0.6847667       0.3070383       0.6938665
      0.6881714       0.2969233       0.7049721
      0.7002992       0.3241874       0.6856121
      0.6873733       0.3359264       0.6999563
      0.6868972       0.3261152       0.6981156
      0.7009614       0.3112472       0.6964137
      0.7342161       0.2854681       0.7025931
      0.7276361       0.3106116       0.7093911
      0.6565608       0.2675245       0.6937577
      0.6658088       0.3468019       0.7251862
      0.6909667       0.3231388       0.6890537
       0.686823       0.3490564       0.7099694
      0.7142277       0.3214007       0.7185047
      0.6697682       0.3269202       0.7067967
      0.7034699       0.3204739       0.6993805
      0.6949859       0.3097238        0.678428
      0.6623863       0.3020902       0.7208364
      0.6959523       0.2829988       0.7249893
      0.6802975        0.299375       0.7197672
      0.6903401       0.2927021       0.6966108
      0.6881861       0.3181837       0.6841073
      0.6844165       0.3298769       0.6937657
      0.6879707        0.302232       0.6898971
      0.6984549       0.3178305        0.684261
      0.7075825       0.3394604       0.6907487
      0.6910502       0.3202055       0.6869682
      0.6941704       0.3047517       0.6928045
      0.6818265       0.3287973       0.7264625
      0.6852856       0.3163722       0.6863402
      0.7109233       0.3454744       0.6816537
      0.6754756       0.3270862       0.6910319
      0.6941934       0.3233359       0.7032884
      0.6989754       0.3186363       0.6838988
      0.6814607       0.3157407        0.690434
      0.6546116       0.3529115       0.6663349
      0.7239559       0.3139628       0.6345104
      0.7037828       0.3250201        0.699143
      0.7174772       0.3056404        0.724229
      0.7017412       0.3113942       0.6980518
      0.6844766       0.3056671       0.6817872
      0.7161162       0.3137588        0.730091
      0.6989544       0.3092673       0.7023113
      0.6902212        0.308973       0.7090368
      0.6902156       0.3183511       0.6851107
      0.6973867       0.3147983       0.6871478
       0.692254       0.3209475       0.6860894
      0.6800414       0.3163927       0.6944161
      0.6961783       0.3278875       0.6839029
      0.6851341       0.3080904        0.698495
      0.6886621       0.3080043       0.7062531
      0.7047546       0.3058456       0.7067053
      0.6752561       0.3292912       0.7188642
      0.6923273       0.2927667       0.6930163
      0.6802036       0.3249873       0.6979503
      0.6844891        0.318652        0.686179
      0.6952685       0.3127398       0.6835175
      0.6795526       0.3226018       0.7146692
      0.6825694       0.3208184       0.7059405
      0.6591047       0.3393493       0.6666105
      0.7264503        0.379628       0.6811455
      0.6810351       0.3316237       0.6921481
      0.6815564       0.3296205       0.7049533
      0.6889003       0.2992721       0.7115996
      0.7424078       0.3307669       0.6922038
      0.6820121       0.3105754       0.6954794
      0.7000186       0.3271811       0.6948267
       0.704174       0.3397828       0.6885876
      0.6937017       0.3296516       0.6880773
      0.7253266       0.3295298       0.7472049
      0.6908965       0.3084601       0.7029259
      0.6883363        0.331803       0.7064003
      0.6983112       0.3218928       0.6892527
      0.7237863       0.3276083        0.672171
      0.6742786       0.3049007       0.6991273
      0.7256452       0.3243996        0.692928
      0.6851414       0.3102798       0.6713969
      0.6987255       0.2940475       0.6935668
      0.6735969        0.309671       0.7086843
      0.6942678       0.2951313        0.713296
      0.7093872       0.2860159       0.6948112
      0.6969227       0.3543603       0.7219373
      0.6939524       0.3263074       0.7060763
      0.7011394         0.30391       0.6824813
      0.7250762       0.3388729       0.7509367
      0.6967777       0.3031404       0.6941515
       0.686546       0.3070336       0.6955909
      0.6739134       0.3234026       0.6878718
      0.6888551       0.3280707       0.6980126
      0.7059506       0.3143723       0.7004321
      0.7202715       0.3127312       0.6755172
      0.7698574       0.9648462       0.1843986
      0.7708131       0.9186473       0.1473918
      0.7538489       0.9041482       0.1678599
      0.7592569       0.9104043       0.1570672
      0.7744515       0.9174896       0.1628713
      0.7831208       0.9238427       0.1657583
      0.7816183       0.8842205       0.1636926
      0.7553567       0.9202109       0.1562741
      0.7965182       0.9401186       0.2066264
      0.7666355        0.904463       0.1652785
      0.7606615       0.9231211       0.1735085
      0.7547868        0.905456       0.1661227
      0.7725042        0.911765       0.1626948
      0.7607043       0.8995962       0.1668142
      0.7760392       0.9134344       0.1594067
      0.7330488       0.9746823       0.1607148
      0.7501449       0.9000754       0.1772378
      0.7450058       0.8962132       0.1464837
      0.7807188       0.9148061       0.1738213
      0.7834345       0.9173604       0.1818525
      0.7629199       0.9258169        0.182709
      0.7684645       0.9141291       0.1586373
      0.7942917       0.9286892        0.157119
      0.7735128       0.9124622       0.1736049
      0.7559409       0.9127023       0.1575539
      0.7741207       0.9175727         0.16725
      0.7581484       0.9120922       0.1799755
      0.7683403       0.9230896       0.1641096
      0.7524848       0.9212083       0.1676316
      0.7577239       0.9074769       0.1591461
      0.7572393       0.9128904        0.177591
      0.7654251       0.9092238       0.1753572
       0.756417       0.9182109       0.1742086
      0.7643956       0.9045937       0.1708349
      0.7831425       0.9297671       0.1693967
      0.7745167       0.9153002       0.1644879
        0.75599       0.9018284       0.1669094
      0.7631481       0.9245449       0.1626163
      0.7606074       0.9008253       0.1696927
      0.7483774       0.9143162       0.1803372
      0.7671025       0.9236099       0.1672596
      0.7490795       0.9138364       0.1704096
      0.7705346       0.9129319       0.1785276
      0.7527422       0.9199106       0.1495413
      0.7662023       0.9205782       0.1479707
      0.7669701       0.9214718       0.1691145
      0.7481844       0.9243424       0.1878754
      0.7728063       0.9414073       0.1337801
      0.7791961       0.8813275       0.2138448
      0.7753194       0.8981323       0.1618199
      0.7616286       0.9124933       0.1779379
      0.7456489       0.9140298       0.1491925
      0.7638948       0.9283341       0.1641722
      0.7528395       0.9244604       0.1510069
       0.748134        0.869972       0.1668044
        0.75066       0.9484073       0.1690362
      0.7647542       0.9250264       0.1879113
      0.7743549       0.9000854        0.161481
      0.7482916       0.8917536       0.1812583
      0.7451067       0.9124904       0.1611189
      0.7646947       0.8943112       0.1557951
      0.7794074       0.8669001        0.180853
      0.7601509       0.9000051       0.1696921
      0.7742707        0.911492       0.1806591
      0.7857651       0.8979079        0.154871
      0.8138434       0.9610877       0.1894541
      0.7777395       0.9156574       0.1706968
      0.7426145       0.9571082       0.1911109
      0.7564623       0.9276381       0.1936657
      0.8014826       0.9289979       0.1624919
      0.7224348       0.9714876       0.1825557
      0.7608861       0.8770248       0.1831054
      0.7620553       0.9019446       0.1630359
      0.7216426       0.8844062       0.1558272
      0.7563474       0.9215277       0.1615884
      0.7640678       0.9237769       0.1625771
      0.7311855       0.9499685       0.1459704
       0.759641       0.9197556        0.176371
      0.7471286       0.9075557       0.1476182
      0.7668573       0.9043248       0.1671383
      0.7619426       0.9089027        0.145112
      0.7530304       0.8921034       0.1885666
      0.7614754       0.9098985       0.1793993
       0.741608       0.9077544       0.2121961
       0.753553       0.9073649       0.1702587
      0.7379912       0.9327807       0.2134026
      0.7679361       0.9202716       0.1608341
      0.7518938       0.9158075       0.1605543
      0.7497973       0.9137515       0.1610954
      0.7717659       0.9248715       0.1632882
      0.7545383       0.8941886       0.1634586
        0.74363       0.9086134       0.2000466
      0.7725964       0.9154063       0.1663469
      0.7363038       0.9218867       0.1667486
      0.7765373       0.9272578       0.1878854
      0.7318867        0.909151       0.1564239
      0.7023457       0.9137751       0.1508786
      0.7727034       0.9140937       0.1647693
      0.7436589       0.9488326       0.2161031
      0.7380166       0.9242221       0.1711023
      0.8368815       0.3511344       0.2931777
      0.8449244       0.3766047       0.2824454
      0.8317415       0.3509707       0.2893826
      0.8032936       0.3657161       0.3001438
      0.8405281       0.3554245       0.2662894
      0.8433157       0.3896425       0.3104237
      0.8292284       0.3818004       0.2724079
      0.8425754       0.3489007       0.2728058
      0.8568696       0.3503946       0.2868382
      0.8652824       0.3320681       0.2329792
       0.850692       0.3593282       0.2774168
      0.8327958       0.3803769       0.2840926
      0.8490941       0.3992852       0.2967418
      0.8584483       0.3695079       0.2880113
      0.8896756       0.3263269       0.2785584
      0.8057918       0.3638853       0.2875992
      0.8519009         0.35012       0.2828699
      0.8736697       0.3818388       0.2436582
      0.8482759       0.3757966       0.2858751
      0.8380392       0.3499874       0.2783893
      0.8479505       0.3565041        0.246113
      0.8164668       0.3532748       0.2816482
       0.828228       0.3623979       0.2767356
      0.8258189       0.3541431       0.2677389
      0.8452441       0.3580062       0.2705485
      0.8731567          0.4091       0.2810118
      0.8312264       0.3505783       0.2774732
      0.8588482       0.3435608       0.2848218
      0.8209406       0.3550559       0.2707392
      0.8512704       0.4199298        0.265868
      0.8309834       0.3676779       0.2985021
      0.8392822       0.3557711       0.2688196
      0.8218338       0.3219471       0.2602067
      0.8384954       0.3457317       0.2857852
      0.8455677       0.3825537       0.2742012
      0.8383984       0.3792331       0.2767261
      0.8509539       0.3410298       0.2666725
      0.8836638       0.3501731        0.312228
      0.8326167        0.354291       0.2760112
      0.8458572       0.3755632       0.2775407
      0.8447684       0.3587246       0.2868331
      0.8303193       0.3596858       0.2831831
      0.8413001       0.3623522       0.3003071
      0.8458568       0.3699621       0.2783515
      0.8011726       0.3927592       0.2657267
      0.8349114       0.3467431       0.2537237
      0.8162966       0.3380414       0.2608619
      0.8266418       0.3483729       0.2820832
      0.8901861       0.3809487       0.2538186
      0.8188175       0.3522669       0.2806485
      0.8344335       0.3874251       0.2889279
      0.8491798       0.3600531       0.2711856
      0.8466559        0.364597       0.2920504
      0.8253356        0.349803       0.2790574
      0.8340276       0.3530907       0.2903832
      0.8449865       0.3794359        0.291022
      0.8472622       0.3489447       0.2825047
      0.8585718       0.3512783       0.2763234
      0.8530492       0.3356448       0.2392006
      0.8477463        0.362149       0.2800207
      0.8082093       0.3527288       0.2561646
      0.8320013       0.3500364        0.284855
      0.8303954       0.3556152       0.3142744
      0.8286405       0.3646905       0.2803261
      0.8443229       0.3618234       0.2953959
      0.8138764       0.3569711       0.3125371
      0.7815162       0.3608357       0.2619883
      0.8502027       0.3556329       0.2825029
      0.8526105       0.3690802       0.2902696
      0.8359327       0.3717063         0.28845
      0.8286478       0.3704025       0.2809257
      0.8358038       0.3628858       0.2898786
      0.8378236       0.3727243       0.2787912
        0.79088       0.3396807        0.223724
      0.8478755       0.3716051       0.2823735
      0.8401036       0.3744367        0.275051
       0.819079       0.3691687       0.2508493
      0.8593999        0.381265       0.3086143
      0.8328946       0.3692839       0.2602206
      0.8331949       0.3646559       0.2860687
      0.8210594       0.3304859       0.2432806
      0.8887942       0.3647225       0.2964885
      0.8394353       0.3424972       0.2741121
      0.8520756        0.338599       0.2685168
      0.8473895       0.3606965       0.2659645
       0.847058       0.3530745       0.2793598
      0.8396223       0.3708748       0.2692604
      0.8299392        0.331896       0.2754204
      0.8486203        0.362013       0.2786731
      0.8375851       0.3633425       0.2933014
       0.827935        0.364954       0.2729305
      0.8367343        0.356143       0.2866857
      0.8363891       0.3533111       0.2670134
      0.8257943       0.3724456       0.2674157
       0.839593       0.3620213       0.2868558
      0.8603955       0.3550453       0.2815804
      0.8329492       0.3718264       0.2814072
      0.8431916       0.3540774       0.2674999
       0.862255       0.3558089        0.266208
      0.8541088       0.3469939       0.2610811
      0.6600041       0.1070457       0.2214142
      0.6526421      0.08341167       0.2006938
       0.676454      0.09642484       0.1896892
      0.6572954      0.07994631       0.2132324
      0.6640466      0.07947188       0.2002773
      0.6680739       0.0764036       0.2569673
      0.6410497      0.07223888       0.1982151
      0.6457192      0.01983332       0.2223031
      0.6321359      0.06884545       0.1908197
      0.6481394      0.07253134       0.1948486
      0.6598989      0.09270039       0.2516904
      0.6370565      0.07623695       0.2143008
      0.6370413      0.08029238       0.1989043
      0.6231857      0.09415764        0.239441
      0.6018209      0.06833826       0.1758123
      0.6318064      0.09061275       0.2088989
      0.5995396       0.1197351        0.220194
      0.6288785      0.07759057       0.1830647
      0.6211983      0.07812509       0.2200357
      0.6444619      0.09034154       0.2053857
      0.6381169      0.08084698       0.2004679
      0.6501465      0.06155934       0.2192578
      0.6594007      0.08372465       0.2159638
       0.655264      0.07268417       0.2041548
      0.6408468       0.0871581       0.1778375
      0.6378978      0.08679707       0.2092042
      0.6479128      0.08912292       0.2024731
      0.6605625      0.07034243        0.234171
      0.6147601       0.1058347       0.2271781
      0.6521269      0.08201002       0.2157489
       0.661421      0.09312957       0.1949956
      0.6424181      0.08487717       0.1980932
      0.6254508      0.07740895       0.2137635
      0.6397112      0.07581574       0.2159555
      0.6546672      0.07003371       0.2095575
      0.6345814       0.0822755        0.198043
      0.6368794      0.07627732       0.1997604
      0.6365016      0.08448423       0.2094102
      0.6322542      0.07893812       0.2167648
        0.65024      0.07289976       0.2147376
      0.6528269      0.09428375       0.2095381
      0.6496509      0.07239946       0.1932233
      0.6344983      0.06998168       0.2017579
      0.6459937      0.06476451       0.2105093
      0.6285428      0.06819126       0.2214624
      0.6815563      0.07769828       0.2279273
      0.6514465      0.06816649       0.2128285
      0.6405976      0.08234122        0.220857
      0.6502264      0.06710101       0.2070974
      0.6181702       0.1085247       0.2025336
      0.6526138      0.08935888       0.2039231
      0.6272188      0.07959839       0.2051421
      0.6482724      0.06269716       0.2200867
      0.6480079      0.09291966       0.1888027
      0.6484462      0.06131127       0.2167088
      0.6466789      0.06650122       0.1969037
      0.6396383      0.06362356        0.216271
      0.6268958      0.07208271       0.2099389
      0.6491363      0.06598669       0.1996117
      0.6469733      0.09242049       0.2000929
      0.6636605       0.1140946       0.1964002
      0.6610041      0.08899461       0.1896679
      0.6921252      0.07281692       0.1875693
      0.6369491      0.09591034       0.1905133
      0.6347992      0.07941742       0.1976528
      0.6490024      0.06802802       0.2115534
      0.6413106      0.06005586       0.2084011
      0.6440131      0.08559593        0.200892
       0.651657      0.07309116       0.2141521
      0.6715559      0.09006419       0.2125047
      0.6442975      0.09843832       0.2083108
      0.6542995      0.07700476       0.1966733
      0.6364994      0.07079105       0.2135295
      0.6538005      0.07723378       0.1981498
      0.6212555      0.08540046       0.1995649
      0.6674287      0.07827474       0.1963892
      0.6485962        0.085765       0.2152255
      0.6461652      0.08922515       0.2166886
      0.6344607      0.07903285        0.218234
      0.7022688       0.1012868       0.2253125
      0.6569093      0.08511979       0.2333395
      0.6306541       0.0796326       0.2018303
      0.6471533      0.06753513        0.193555
      0.6309817      0.08122181       0.2042996
      0.6534251      0.07020297       0.2065794
      0.6477066      0.05609021       0.2237353
      0.6372954      0.07251667       0.2039819
      0.6550093      0.06489904       0.1900575
      0.6439074      0.08053549       0.2174055
      0.6977491      0.05971201       0.1880319
      0.6436885      0.06094388       0.1918722
      0.6533196      0.04002237       0.1809776
      0.6383703      0.06853085       0.1999866
       0.595362      0.05933587       0.2180903
      0.6632034      0.06621256       0.2053176
      0.6546661      0.04679465       0.1633851
      0.6362648      0.06968677        0.219858
      0.6452727      0.08510377       0.1952209
       0.632858      0.07651896       0.1954469
      0.6595101      0.07994526       0.2077715
      0.9377352       0.1413866       0.2183232
      0.9236673      0.05399436       0.2446006
      0.9259047      0.05992477       0.2420825
      0.9194536      0.07823828       0.2496539
      0.9167029      0.06895439        0.250289
      0.9036248      0.05387775       0.2049176
      0.9350035      0.07260629       0.2350221
      0.9230622      0.08098704       0.2288923
      0.9462713      0.08767663       0.2447583
       0.935211      0.08575398       0.2327729
      0.9024955      0.08184604       0.2466151
      0.9305527      0.05832887       0.2511089
      0.9338654      0.06190314       0.2384186
      0.9205544      0.07590144       0.2536384
      0.9400165      0.06569192       0.2526783
      0.9422837      0.07375172       0.2576316
      0.9373506       0.1157239       0.2396913
      0.9156252      0.07975725       0.2839019
      0.9341178      0.06465241       0.2396039
      0.9296165      0.09521847       0.2138709
      0.9363811       0.0717566       0.2376051
      0.9274979      0.06280843       0.2341723
      0.9156842      0.08791112       0.2351806
      0.9254293      0.06260532       0.2304843
      0.9379783      0.07702097       0.2377991
      0.9337853      0.07213647       0.2539745
      0.9268198      0.07547794       0.2542079
      0.9381641      0.06753917       0.2367184
      0.9396681      0.07101502       0.2370037
      0.9362242      0.06505699       0.2462621
      0.9293234      0.05073373       0.2129288
      0.9149172       0.0498413       0.2394122
      0.9217408      0.06418641       0.2554774
      0.9422882      0.08922211       0.2131181
      0.9354471       0.0671754       0.2398612
      0.9339334      0.06523841       0.2423647
       0.913614      0.06330584       0.2752543
      0.8962195      0.09703922       0.2360469
       0.932003      0.08260856       0.2332724
      0.9310455      0.04143379       0.1791743
       0.921905      0.05516538       0.2473835
      0.9071254      0.02596965       0.2327608
      0.9329324      0.06538144       0.2231005
      0.9201106      0.08117095       0.2263723
      0.9177265      0.06362962       0.2425321
      0.9171688       0.0559019       0.2316756
       0.901262      0.04395028       0.2521343
      0.9339175      0.08123269        0.228974
      0.9387228      0.07810302       0.2318233
      0.8785781       0.1164585       0.2411089
      0.8906155       0.0753378       0.2572588
      0.9246482      0.05560811       0.2286681
      0.8956252      0.04945707       0.2214304
      0.9153234      0.07035032       0.2477461
      0.9468309      0.07064662       0.2308381
      0.9164032       0.1074555       0.2487192
      0.9415491      0.06677164       0.2285475
      0.9103755      0.07412925       0.2475209
      0.9418066      0.07109608       0.2434042
      0.9281647       0.0807172       0.2312261
      0.9245425      0.07399336       0.2285311
      0.9300508      0.09574941        0.238858
      0.9327829      0.07272615       0.2321739
      0.9281221      0.06574232        0.251604
      0.9154088      0.07973323       0.2568919
      0.9141548      0.08536195       0.2615095
      0.9275778        0.063371       0.2519266
      0.9057976       0.1102668       0.2735522
      0.9327786      0.06030186       0.2268737
      0.9375532      0.07719134       0.2402299
       0.934649      0.09159847       0.2274041
      0.9146923      0.07907087        0.241469
       0.931832      0.05677679       0.2594203
      0.9347145      0.07253147       0.2621927
      0.9337497      0.07645147       0.2351122
      0.9331972      0.06895197        0.232707
      0.9460094      0.06039522       0.2353124
      0.9721597      0.07393919       0.2428917
      0.9133378      0.07351314       0.2494855
      0.9354879      0.06406077       0.2386663
      0.9210143      0.07725654       0.2600146
      0.9366073      0.06459628       0.2328673
      0.9593037       0.0170495       0.2300053
      0.9483629        0.059368       0.2525162
      0.9468265      0.06006143       0.2439579
      0.9184209      0.07323586        0.236996
      0.9313057      0.08382499        0.238418
      0.9216768      0.06454321       0.2347079
      0.9108321       0.0702121       0.2692165
      0.9313673      0.06357207       0.2425623
      0.9053179      0.07899521        0.244875
      0.9218807      0.06961695       0.2294707
       0.921196      0.08450163        0.239842
      0.9553005        0.056275       0.2421098
      0.9245489      0.07923379       0.2508567
      0.9363266      0.06897464       0.2399902
      0.9174437      0.08409587       0.2464239
      0.9577107       0.1195796       0.2756021
      0.9194068      0.06330091       0.2469478
       0.921297      0.06747361       0.2479176
      0.9136933       0.7865237       0.1734716
      0.8823873       0.7438069       0.1800286
      0.8940468       0.7416494       0.1465916
       0.905055       0.7411339       0.1479032
      0.8782235       0.7587026       0.1446173
      0.8753615       0.7741543       0.1362437
       0.889653       0.7706151       0.1349301
      0.8783117       0.7400344       0.1441419
      0.9088467       0.7239821       0.1603039
      0.9297843       0.7219242       0.1448537
      0.8939013       0.7584693       0.1288649
      0.9239627       0.7593592       0.1024747
      0.8870764       0.7412916       0.1418342
      0.9110598       0.7528705       0.1481418
      0.8791755       0.7490726       0.1333065
      0.9047728       0.7508841       0.1409875
      0.8882695       0.7597276       0.1330535
       0.892291       0.7592222       0.1274947
      0.8807505       0.7549916       0.1231379
      0.8841694       0.7373816       0.1442367
      0.9032558       0.7474744       0.1003383
      0.9028371       0.7584321       0.1332318
       0.903878       0.7603367       0.1455564
      0.8810866        0.732188       0.1025541
       0.901867       0.7225202       0.1263313
      0.8933852       0.7399103       0.1547257
      0.9049541       0.7485093       0.1354774
      0.8821905       0.7460466       0.1368359
      0.9102702       0.7442408       0.1387317
      0.9080348       0.7643948        0.144802
      0.8999139       0.7635202       0.1398741
      0.8966481       0.7506886       0.1227944
      0.9175244        0.737933       0.1306854
      0.8958854       0.7851081       0.1490875
      0.8898474       0.7388393       0.1456052
      0.8849328        0.747194       0.1287367
      0.8848388       0.7622957       0.1509609
      0.8991044       0.7540131       0.1273867
       0.863056       0.7583938       0.1296425
      0.9054861       0.7441069       0.1438436
      0.9014937       0.7338067       0.1254736
      0.8919793       0.7387392       0.1295289
      0.8851479       0.7601939       0.1366933
      0.8895395       0.7449375       0.1437003
      0.8808223       0.7486686       0.1299691
      0.8863298       0.7525295       0.1296676
      0.9045792       0.7472051        0.130592
      0.9074167       0.7821527       0.1209438
      0.8657985       0.7748952       0.1538301
      0.8875587       0.7600337       0.1062077
      0.9096549       0.7406761       0.1215221
      0.8893964       0.7608204       0.1564385
      0.8913474       0.6981605       0.1410398
      0.9016123       0.7461004       0.1592187
      0.9043284        0.748217       0.1460394
      0.8927445       0.7805495       0.1714282
      0.8961679       0.7473539        0.147888
      0.8927203       0.7536679       0.1246774
      0.8530778       0.7351009       0.1532199
      0.9053098       0.7514646       0.1292003
      0.8993449       0.7588521       0.1403737
      0.8874079       0.7692551       0.1347888
      0.8844413       0.7544384       0.1300297
      0.8982978        0.741496       0.1281709
      0.8805254       0.7831872       0.1150648
      0.8808374       0.7526195        0.128687
      0.8870657       0.7564205       0.1378081
      0.9094818       0.7421562       0.1381421
       0.909251       0.7775208       0.1867695
      0.8943948       0.7624544       0.1208312
      0.8879825       0.7393818       0.1424646
      0.9232993       0.7523645       0.1207297
      0.8948136       0.7383303       0.1420324
      0.8979482       0.7415776       0.1268683
      0.9011525       0.7420176       0.1387146
      0.8785424       0.7454491       0.1425397
      0.8903111       0.6896436       0.1307569
      0.8707806       0.7735907       0.1570597
      0.9022737       0.7482164       0.1266313
      0.8986478        0.706421       0.1730589
        0.89671        0.734783       0.1384635
      0.9038749       0.7456358       0.1307932
      0.8509287       0.7353367       0.1375676
      0.8858538       0.7397134       0.1262085
      0.8629822       0.7547129       0.1399559
      0.8983281       0.7180133       0.1474902
       0.893314       0.7416256       0.1282437
      0.8890426       0.7419579       0.1284268
      0.8821025       0.7183041       0.1552627
      0.8751986       0.7754132       0.1367522
      0.8889857       0.7397723       0.1401136
      0.9062311        0.745576       0.1419097
      0.8789604        0.769653       0.1308906
      0.8844155       0.7445931       0.1169232
      0.9110821       0.7376044       0.1248126
      0.8868771       0.7601514       0.1404867
      0.8981357       0.7400916       0.1334425
      0.8922703       0.7440096       0.1766546
      0.8856618       0.7556434       0.1375092
      0.8616151       0.7485009       0.1166075
     0.07945379       0.9774016       0.9005475
     0.08610612       0.9695067       0.9104495
     0.06933893       0.9814999       0.9024475
     0.06850771       0.9688247       0.9011159
     0.08308628       0.9587823       0.8859857
     0.09639983       0.9763612       0.8926597
      0.0247341       0.9433223        0.880648
     0.03839592       0.9520565       0.8546818
     0.07629291        0.977241       0.8877335
     0.08637785       0.9771213       0.8998636
      0.1016099         1.02945       0.9032466
     0.07164856       0.9882033       0.9004348
     0.08568884       0.9823291       0.9050896
     0.08779288       0.9675513       0.8933572
     0.07149842       0.9595837       0.8817738
     0.07290968       0.9727492       0.8811766
     0.07965735        0.973091       0.9124152
     0.08967473        0.979109       0.9007482
     0.08504745        0.962232       0.8833327
     0.09530351       0.9771242       0.8973958
     0.08814023       0.9566038       0.8921921
     0.07553287       0.9480293       0.9080869
      0.0767695       0.9623031       0.8870439
     0.07810927       0.9495596       0.9007657
     0.08496484       0.9730474        0.879763
     0.06294755        0.975329       0.9011604
     0.06921094       0.9562018       0.8987179
     0.08713468       0.9580601       0.9152971
      0.0907417       0.9626102       0.8601648
     0.06984755       0.9729507       0.8961265
     0.03990411       0.9444751       0.8718026
     0.05144227        0.964442       0.8748834
     0.09465537       0.9719616       0.8907826
     0.09038608       0.9702847       0.9050289
      0.0826598       0.9943832       0.9107061
     0.08293509       0.9729841       0.8903414
     0.06644885       0.9596511       0.9153519
     0.07365061       0.9671282        0.918975
     0.06688643       0.9664116       0.9134736
      0.1112651       0.9411175       0.8725007
     0.07408596       0.9751569       0.9084365
     0.08418262       0.9666728       0.9092092
     0.07244433       0.9663069       0.9098813
     0.07515981       0.9611817       0.8929642
     0.07083728        1.008456       0.8914067
     0.06889908       0.9589284       0.8991986
     0.03850374       0.9727127       0.9569611
     0.07390983       0.9677184       0.8833715
     0.07354756       0.9673496       0.8903561
     0.09258033       0.9631426        0.895178
     0.06876651       0.9693844       0.8924918
     0.08748587       0.9575675       0.9024142
     0.09256192       0.9579326       0.9158478
     0.07031829       0.9773096       0.9058153
     0.06604177       0.9725471       0.9122299
     0.08112594       0.9456701       0.8332227
     0.07240725       0.9601438       0.9006952
     0.09911359       0.9616751        0.891266
     0.04985822        0.936519       0.8666949
     0.07454772       0.9616632       0.9227991
     0.06513399       0.9539581       0.8983425
     0.07947498       0.9736632       0.9076172
     0.09320951       0.9624295       0.9015801
      0.0696887       0.9792229       0.9078793
     0.05917306       0.9735178       0.9026029
     0.05647325        0.967092       0.8983607
     0.07024159       0.9686204       0.8903734
     0.07428343       0.9646089       0.8845894
     0.07384957       0.9656801       0.9388016
      0.0857799       0.9669359       0.8761867
     0.08066631       0.9712623       0.9105144
     0.08314096       0.9993153        0.894573
     0.07686559        0.939583       0.8768914
     0.08660233       0.9593843        0.892149
      0.0511514       0.9174288       0.9255633
     0.06025621       0.9622138        0.887494
     0.09839489       0.9533263       0.8704599
     0.07989008       0.9827025       0.8964558
     0.07395178       0.9815418       0.9381858
     0.09114914       0.9714371       0.8921827
     0.08634605       0.9635737       0.9203046
     0.06258301       0.9492303       0.8998983
     0.07971536       0.9736081       0.8853549
     0.08960398       0.9617775       0.8987166
     0.06130706       0.9589785       0.8942557
     0.07432264       0.9687416       0.8853905
     0.08215881       0.9756944       0.8915281
     0.07980174       0.9649938       0.9136482
     0.09551766        0.970542       0.8938001
      0.1190887       0.9683701       0.9143407
     0.08139808       0.9600238        0.907869
     0.09854454       0.9453791       0.9063907
      0.1347953       0.9700821       0.9436784
     0.08446045       0.9747308       0.9092997
       0.079961       0.9726686       0.9095239
     0.07025604       0.9583496       0.9068018
     0.09619008       0.9926676       0.8948581
     0.07039829       0.9710828       0.9003838
      0.1062885       0.9308414       0.9196215
     0.08840407       0.9800364       0.9149028
     0.07151709       0.5199917       0.8338767
     0.06764506       0.5051997        0.816797
     0.07624089       0.4969697       0.8287389
     0.09100458       0.5046042       0.8434696
     0.05871215       0.5066442       0.8072161
      0.0701906       0.5218303       0.8299888
     0.06514921       0.5047833       0.8206467
     0.09408286       0.5260444       0.8259676
     0.06561535       0.5011491       0.8401905
     0.07380753       0.4897755       0.8230943
     0.06117591       0.5006781       0.8111722
     0.07053604       0.4993875       0.8254926
     0.06757678       0.5006777       0.8197775
     0.08028612       0.5156415       0.8296937
      0.0575324       0.5160618       0.8214423
     0.06190545       0.5171169        0.816278
     0.06845504       0.5243298       0.8199668
     0.05918581       0.5228727       0.8180068
     0.06770309       0.5044627       0.8344009
     0.06599029       0.5006751       0.8177431
     0.05851325       0.5025189       0.8209747
     0.08248113       0.5188541       0.8265622
     0.07616936       0.5056345       0.8130086
     0.07607199       0.5082537       0.8159685
      0.0702557       0.4979317        0.818221
      0.0523114       0.5071369       0.8285979
     0.04801384       0.5712359       0.7925781
     0.08944089       0.5660391       0.8300085
     0.05927711       0.5149714       0.8234411
     0.09909535       0.5299238        0.831609
     0.08186057       0.5133613       0.8024018
     0.07713036        0.528108       0.8082683
     0.04591057       0.5038475       0.8239269
     0.09639653       0.5062013       0.7952883
     0.06951203       0.5100428       0.8071189
     0.08193346       0.5132918       0.8200471
     0.06554561       0.5036411       0.8225974
     0.06234678       0.5147066       0.8283616
     0.07733864        0.495859       0.7752765
      0.0737597       0.5279603       0.7961427
     0.05155809       0.5074168       0.8273845
     0.02097525       0.5607332       0.7990949
     0.06598774       0.5184345       0.8159576
       0.075579       0.5065508       0.8336726
     0.09720338       0.5532682       0.8148535
     0.06874523       0.5324451        0.821941
     0.08212629       0.5107014       0.8295199
     0.06977758       0.5011481       0.8228117
     0.07672434       0.5068414       0.8152083
      0.1030178       0.5141889       0.8269249
     0.07981629       0.5185786       0.8278217
     0.08696447       0.5155008        0.824427
     0.08145789       0.5014005       0.8042893
     0.07818441       0.5038908       0.8202216
    0.009521421       0.5309268       0.8098875
     0.08904109       0.5348115       0.7931537
     0.06224201       0.5078461       0.8329665
      0.1098274       0.5086028       0.8318658
     0.05797312       0.5056581       0.8078703
     0.06127353       0.5088302       0.8206632
     0.08434451       0.5240053       0.7833878
     0.05544954       0.5001684       0.8001618
     0.07177402       0.5211731       0.8173582
     0.07752795       0.5069385       0.8162967
     0.07489501       0.5198548       0.8183078
     0.07483359       0.5224832       0.8216049
     0.08266911       0.5224919       0.8246341
     0.08119738       0.5213394       0.8327794
     0.07474719       0.5210403       0.8341143
      0.0495363       0.4973908       0.8459952
     0.08731295       0.5117638       0.8053013
     0.06116889       0.5031174       0.8372481
     0.07903939        0.510031       0.8330652
     0.06192735       0.5133926       0.8138858
     0.06019706       0.4945025       0.8220545
      0.0675207       0.5237921       0.8215504
     0.07852229       0.5177206       0.8154187
     0.07219509       0.5042142       0.8305365
      0.0634109       0.4909474        0.816563
     0.08017826         0.50899       0.8156862
     0.08095698       0.5093186       0.8202289
     0.09544912       0.4805435       0.8313829
     0.06798223       0.5223761       0.8222601
     0.06987127       0.5066446       0.8322468
      0.0639545       0.5210198       0.8183426
     0.04344071       0.5175802        0.836248
      0.1057529       0.5026813       0.8575852
     0.03867785       0.4729959       0.8112956
     0.07499588       0.5087174       0.8332478
     0.06290932        0.507446       0.8182176
     0.06388473       0.5070988       0.8299447
     0.06883524       0.5409963       0.8372774
      0.0839709       0.5394189       0.8510869
     0.07229846       0.5130375       0.8119998
     0.07711966       0.5128777       0.8435127
     0.09645381       0.5380486       0.8072188
     0.06868245       0.5052027       0.8310575
     0.07950412       0.4965348        0.834326
     0.06917997       0.5032386       0.8336318
     0.05934189        0.510065       0.8159819
     0.01162758       0.8780907       0.5929876
    0.003724714       0.8598803       0.6108937
     0.05590051       0.8796556       0.5998339
     0.01649505       0.8744967       0.5888952
    0.000265137       0.8617188       0.6257574
     0.02100651       0.8792136       0.6028894
     0.02266403       0.8718753       0.6109953
     0.02121092       0.8516176       0.6022711
  -0.0004640107       0.9155983         0.59504
    0.007746696       0.8559461       0.6198628
      0.0230366       0.8804114       0.6568404
     0.01179442       0.8541126       0.6175099
    0.005288013       0.8537925       0.6105834
     0.02952736       0.8450925       0.5914115
      0.0109624       0.8557458       0.6173667
   0.0002689801       0.8653144       0.6065785
   -0.003059929       0.8327687        0.629176
   0.0002974323       0.8626339       0.6017311
    0.003869544       0.8200699       0.5560684
     0.05769552       0.8214663       0.5990625
     0.01216313       0.8687871       0.5962502
    0.009578856        0.823223       0.5931067
     0.03335521       0.8478303        0.616569
    0.007542466       0.8633292       0.6383031
     0.01505742       0.8595342       0.5952654
     0.01464124       0.8606591       0.5878077
     0.02970698       0.8741004       0.6171908
     0.02191753       0.8543364       0.6185771
      0.0125661       0.8473296       0.6277094
     0.01272555       0.8911337       0.6188979
    0.002833653        0.878866       0.6182491
      0.0394371       0.8348547       0.5987058
    0.009599619       0.9039264       0.5855206
     0.01794804       0.8609589       0.5981257
     0.03984284       0.8724225       0.5821947
   0.0009205613       0.8760574        0.614333
      0.0234411         0.85802        0.626777
    -0.02151334       0.8817242       0.6002566
     0.01391603       0.8417457       0.6200327
     0.01860147       0.8485711        0.597255
    0.005105648       0.8606034       0.6141426
     0.01097782        0.870569       0.5603697
       0.032957       0.8532026       0.6148296
     0.01268529       0.8483988       0.6314659
     0.00021122       0.8616768       0.6045655
     0.01168921       0.8472552       0.5979888
     0.01326448       0.9243985       0.5818809
       0.007586       0.8672784       0.6023775
       0.014628       0.8641243        0.620359
    0.006719178       0.8576375       0.5957394
    0.008907778       0.8540857       0.5968365
    0.003994388       0.8740203        0.633034
    0.004122954       0.8551715       0.6122257
     -0.0167261       0.8570364       0.6157238
     0.01979773        0.795854       0.6194683
    0.009987998       0.8588702       0.5941359
     0.01372274       0.8524417       0.6138345
     0.01393161       0.9007526       0.5650752
     0.03492574       0.8521764       0.5982243
    0.005913245       0.8521281       0.5980682
    0.007750347       0.9056465        0.567737
     0.02473327        0.861562       0.6038263
    0.002902979        0.862802       0.6041808
     0.02094128       0.8439377       0.6432731
     0.02143923       0.8731422       0.6216537
   0.0001602315        0.855529       0.5982307
      0.0213808       0.8481637        0.596429
   -0.002080477       0.8570387       0.5986631
      0.0014599       0.8644538        0.613014
     0.03034947       0.8341549       0.6136171
    0.005766854       0.8592535       0.6228434
   4.593098e-06       0.8652315       0.5987808
     0.02575975       0.8584983       0.6099017
    0.009664869       0.9057623       0.6022302
      0.0118845         0.85785       0.5857269
     0.01212313       0.8537207       0.5984873
     0.01892396       0.8514677       0.6103471
     0.01573559       0.8476039       0.6159937
     0.01236071       0.8664435       0.6148521
   -0.005834464       0.8229214       0.6327511
     0.01201849       0.8662272       0.5828098
     0.01783489       0.8630247       0.5975979
     0.01926039       0.8439327        0.609196
     0.02508082       0.8532712       0.5977768
     0.02713464       0.8207453       0.5560972
     0.02298787       0.8344417       0.6031219
    -0.02776701       0.8940693       0.5855084
    0.007504263       0.8557496       0.5991196
     0.02817217       0.8600572       0.6200138
     0.03048872       0.8752295       0.6006383
     0.02352248       0.8634765       0.6064131
    0.008007864       0.8757145       0.6061974
     -0.0333989       0.8310357       0.6276577
     0.00501814       0.8511253       0.6021759
     0.00263653       0.8697048       0.6038437
     0.01730209       0.8383812       0.6111694
     0.01019616       0.8503484       0.5992195
    -0.02230934       0.8525978       0.5994268
     0.01958549       0.8856253       0.6027155
     0.01412374       0.8970505       0.6012025
      0.2482218       0.5925712      0.03698149
       0.279896       0.6275185      0.01390296
      0.2653036       0.5890029      0.04062746
      0.2566222       0.6027614      0.02322096
       0.273214       0.6063019      0.01200767
      0.2607821       0.5868568      0.03855201
      0.2382814       0.5966372      0.03544686
      0.2659383       0.5916152      0.02277142
      0.2483375       0.5925299      0.03682547
      0.2477315       0.6068054       0.0321064
      0.2604033       0.6008208      0.04201693
      0.2554466       0.6050111      0.02502841
      0.2707632        0.562741      0.06145935
      0.2460091       0.5892043      0.04378311
      0.2477218       0.6430722     -0.01990356
      0.2645659       0.5876555      0.02695181
      0.2595041         0.60019      0.02119867
      0.2566026       0.6144437      0.04079136
      0.2780815       0.5978975      0.02665076
      0.2605896       0.5911252      0.02367281
      0.2667007       0.6060869      0.02373605
      0.2699846       0.5812855      0.05053168
       0.259206        0.600385      0.05326226
      0.2474179       0.5862305      0.02760862
      0.2435728       0.5889605      0.02905498
       0.264807       0.5980742      0.04045012
      0.2677186       0.5913238      0.04967973
      0.2454175       0.6103653      0.02941145
      0.2697109       0.5886788      0.03067631
      0.2507728           0.608      0.03319044
      0.2651962       0.6030999      0.01650603
      0.2458317       0.6090555      0.02748262
      0.2430913       0.6085911     -0.03020916
      0.2828628       0.6171492      0.02612173
      0.2793494       0.5866374    -0.002845857
      0.2597641       0.5859819      0.02555125
      0.2671548       0.6007931    -0.005630154
      0.2356203       0.6098723      0.04064755
      0.2311731       0.5600734      0.04653846
          0.302       0.5841666      0.01614697
      0.2619709       0.6110497      0.04594146
      0.2651449       0.6032739      0.03704858
      0.2414492       0.6077077      0.02913461
      0.2619765       0.5985584      0.04566749
      0.2562516       0.6048773      0.01999091
       0.223532       0.6119447      0.05271604
      0.2644077       0.5886887       0.0174792
      0.2502975       0.6397181      0.04273147
      0.2477064       0.5923131      0.02553408
      0.2516434       0.5660779      0.01570927
      0.2710604       0.6194357    -0.008519123
      0.3176785       0.6211069       0.0522403
      0.2467808       0.5737004      0.02383835
      0.2423569       0.6450185      0.05228262
      0.2661111       0.6042137      0.03196103
      0.2700488        0.579258      0.02598151
      0.2346793       0.5839968     0.006352006
      0.2594459       0.5964035      0.04293293
       0.272549       0.5922778      0.03746821
       0.231795       0.5665341      0.03825047
       0.258691       0.5999746      0.04408708
      0.2470475       0.5907618      0.02623977
      0.2752714       0.5919375      0.03122077
      0.2483467       0.6119694      0.02192144
      0.2632879       0.5559027     0.003163126
      0.2849656       0.5476137      0.03625137
      0.2458177       0.5926266      0.02610411
      0.2170967       0.5533706      0.01407684
      0.3054551       0.6022165      0.06878788
      0.2583445       0.6244262     0.005988198
      0.2404524        0.634501       0.0152319
      0.2799819       0.5901151      0.01583171
      0.2469321       0.6033701      0.03312078
      0.2847246       0.6055138      0.02763071
      0.2562449       0.6070167      0.03407073
      0.2495879       0.6088777      0.02747916
      0.2639143        0.606193      0.03543563
      0.2814945       0.6133415      0.03465486
      0.2461192       0.5959018      0.02424647
      0.2599416       0.5839176      0.02698883
      0.2433393       0.6065066      0.02137341
      0.2590676       0.5930579      0.02193859
      0.2654933       0.5934379      0.01521242
      0.3046071       0.5832285       0.0314172
      0.2567594       0.6096913      0.04197623
      0.2473353       0.6033416      0.03456098
      0.2688585       0.5602545      0.01849881
        0.23559       0.6003844      0.02152375
      0.2502559       0.5853192      0.04457032
      0.2535383       0.6096081      0.03198504
        0.25231       0.5874384      0.03748938
      0.2397677       0.5840829      0.04963823
      0.2529963       0.6040241      0.03885508
      0.2685481        0.597588       0.0360356
      0.2596224        0.584985      0.01935625
      0.2397747       0.6099272      0.02684265
      0.2534544       0.5913976      0.02156903
        0.25258       0.5996699      0.02076186
      0.2841857       0.5764537      0.03274681
      0.2599611       0.5874412      0.03691412
